CBMC version 5.4 64-bit x86_64 macos
Parsing ./s2n/crypto/s2n_rsa.c
Converting
Type-checking s2n_rsa
Generating GOTO Program
Adding CPROVER library (x86_64)
Removal of function pointers and virtual functions
Partial Inlining
Generic Property Instrumentation
Starting Bounded Model Checking
size of program expression: 161 steps
simple slicing removed 66 assignments
Generated 1 VCC(s), 1 remaining after simplification
Passing problem to propositional reduction
converting SSA
Running propositional reduction
Post-processing
Solving with MiniSAT 2.2.1 with simplifier
35607 variables, 1670 clauses
SAT checker: instance is SATISFIABLE
Runtime decision procedure: 0.012s
Building error trace

Counterexample:

State 18 file ./s2n/crypto/s2n_rsa.c line 179 thread 0
----------------------------------------------------
  key=((struct s2n_rsa_private_key { struct rsa_st *rsa; } *)NULL) (0000000000000000000000000000000000000000000000000000000000000000)

State 19 file ./s2n/crypto/s2n_rsa.c line 179 thread 0
----------------------------------------------------
  in=((struct s2n_blob { unsigned char *data; unsigned int size; unsigned int allocated; unsigned int mlocked : 1; unsigned __CPROVER_bitvector[7] $bit_field_pad0 : 7; unsigned __CPROVER_bitvector[56] $pad0; } *)NULL) (0000000000000000000000000000000000000000000000000000000000000000)

State 20 file ./s2n/crypto/s2n_rsa.c line 179 thread 0
----------------------------------------------------
  out=((struct s2n_blob { unsigned char *data; unsigned int size; unsigned int allocated; unsigned int mlocked : 1; unsigned __CPROVER_bitvector[7] $bit_field_pad0 : 7; unsigned __CPROVER_bitvector[56] $pad0; } *)NULL) (0000000000000000000000000000000000000000000000000000000000000000)

State 21 file ./s2n/crypto/s2n_rsa.c line 181 function s2n_rsa_decrypt thread 0
----------------------------------------------------
  intermediate={ 0, 0, 0, 0, 0, 0, 0, 0, 0, 0, 0, 0, 0, 0, 0, 0, 0, 0, 0, 0, 0, 0, 0, 0, 0, 0, 0, 0, 0, 0, 0, 0, 0, 0, 0, 0, 0, 0, 0, 0, 0, 0, 0, 0, 0, 0, 0, 0, 0, 0, 0, 0, 0, 0, 0, 0, 0, 0, 0, 0, 0, 0, 0, 0, 0, 0, 0, 0, 0, 0, 0, 0, 0, 0, 0, 0, 0, 0, 0, 0, 0, 0, 0, 0, 0, 0, 0, 0, 0, 0, 0, 0, 0, 0, 0, 0, 0, 0, 0, 0, 0, 0, 0, 0, 0, 0, 0, 0, 0, 0, 0, 0, 0, 0, 0, 0, 0, 0, 0, 0, 0, 0, 0, 0, 0, 0, 0, 0, 0, 0, 0, 0, 0, 0, 0, 0, 0, 0, 0, 0, 0, 0, 0, 0, 0, 0, 0, 0, 0, 0, 0, 0, 0, 0, 0, 0, 0, 0, 0, 0, 0, 0, 0, 0, 0, 0, 0, 0, 0, 0, 0, 0, 0, 0, 0, 0, 0, 0, 0, 0, 0, 0, 0, 0, 0, 0, 0, 0, 0, 0, 0, 0, 0, 0, 0, 0, 0, 0, 0, 0, 0, 0, 0, 0, 0, 0, 0, 0, 0, 0, 0, 0, 0, 0, 0, 0, 0, 0, 0, 0, 0, 0, 0, 0, 0, 0, 0, 0, 0, 0, 0, 0, 0, 0, 0, 0, 0, 0, 0, 0, 0, 0, 0, 0, 0, 0, 0, 0, 0, 0, 0, 0, 0, 0, 0, 0, 0, 0, 0, 0, 0, 0, 0, 0, 0, 0, 0, 0, 0, 0, 0, 0, 0, 0, 0, 0, 0, 0, 0, 0, 0, 0, 0, 0, 0, 0, 0, 0, 0, 0, 0, 0, 0, 0, 0, 0, 0, 0, 0, 0, 0, 0, 0, 0, 0, 0, 0, 0, 0, 0, 0, 0, 0, 0, 0, 0, 0, 0, 0, 0, 0, 0, 0, 0, 0, 0, 0, 0, 0, 0, 0, 0, 0, 0, 0, 0, 0, 0, 0, 0, 0, 0, 0, 0, 0, 0, 0, 0, 0, 0, 0, 0, 0, 0, 0, 0, 0, 0, 0, 0, 0, 0, 0, 0, 0, 0, 0, 0, 0, 0, 0, 0, 0, 0, 0, 0, 0, 0, 0, 0, 0, 0, 0, 0, 0, 0, 0, 0, 0, 0, 0, 0, 0, 0, 0, 0, 0, 0, 0, 0, 0, 0, 0, 0, 0, 0, 0, 0, 0, 0, 0, 0, 0, 0, 0, 0, 0, 0, 0, 0, 0, 0, 0, 0, 0, 0, 0, 0, 0, 0, 0, 0, 0, 0, 0, 0, 0, 0, 0, 0, 0, 0, 0, 0, 0, 0, 0, 0, 0, 0, 0, 0, 0, 0, 0, 0, 0, 0, 0, 0, 0, 0, 0, 0, 0, 0, 0, 0, 0, 0, 0, 0, 0, 0, 0, 0, 0, 0, 0, 0, 0, 0, 0, 0, 0, 0, 0, 0, 0, 0, 0, 0, 0, 0, 0, 0, 0, 0, 0, 0, 0, 0, 0, 0, 0, 0, 0, 0, 0, 0, 0, 0, 0, 0, 0, 0, 0, 0, 0, 0, 0, 0, 0, 0, 0, 0, 0, 0, 0, 0, 0, 0, 0, 0, 0, 0, 0, 0, 0, 0, 0, 0, 0, 0, 0, 0, 0, 0, 0, 0, 0, 0, 0, 0, 0, 0, 0, 0, 0, 0, 0, 0, 0, 0, 0, 0, 0, 0, 0, 0, 0, 0, 0, 0, 0, 0, 0, 0, 0, 0, 0, 0, 0, 0, 0, 0, 0, 0, 0, 0, 0, 0, 0, 0, 0, 0, 0, 0, 0, 0, 0, 0, 0, 0, 0, 0, 0, 0, 0, 0, 0, 0, 0, 0, 0, 0, 0, 0, 0, 0, 0, 0, 0, 0, 0, 0, 0, 0, 0, 0, 0, 0, 0, 0, 0, 0, 0, 0, 0, 0, 0, 0, 0, 0, 0, 0, 0, 0, 0, 0, 0, 0, 0, 0, 0, 0, 0, 0, 0, 0, 0, 0, 0, 0, 0, 0, 0, 0, 0, 0, 0, 0, 0, 0, 0, 0, 0, 0, 0, 0, 0, 0, 0, 0, 0, 0, 0, 0, 0, 0, 0, 0, 0, 0, 0, 0, 0, 0, 0, 0, 0, 0, 0, 0, 0, 0, 0, 0, 0, 0, 0, 0, 0, 0, 0, 0, 0, 0, 0, 0, 0, 0, 0, 0, 0, 0, 0, 0, 0, 0, 0, 0, 0, 0, 0, 0, 0, 0, 0, 0, 0, 0, 0, 0, 0, 0, 0, 0, 0, 0, 0, 0, 0, 0, 0, 0, 0, 0, 0, 0, 0, 0, 0, 0, 0, 0, 0, 0, 0, 0, 0, 0, 0, 0, 0, 0, 0, 0, 0, 0, 0, 0, 0, 0, 0, 0, 0, 0, 0, 0, 0, 0, 0, 0, 0, 0, 0, 0, 0, 0, 0, 0, 0, 0, 0, 0, 0, 0, 0, 0, 0, 0, 0, 0, 0, 0, 0, 0, 0, 0, 0, 0, 0, 0, 0, 0, 0, 0, 0, 0, 0, 0, 0, 0, 0, 0, 0, 0, 0, 0, 0, 0, 0, 0, 0, 0, 0, 0, 0, 0, 0, 0, 0, 0, 0, 0, 0, 0, 0, 0, 0, 0, 0, 0, 0, 0, 0, 0, 0, 0, 0, 0, 0, 0, 0, 0, 0, 0, 0, 0, 0, 0, 0, 0, 0, 0, 0, 0, 0, 0, 0, 0, 0, 0, 0, 0, 0, 0, 0, 0, 0, 0, 0, 0, 0, 0, 0, 0, 0, 0, 0, 0, 0, 0, 0, 0, 0, 0, 0, 0, 0, 0, 0, 0, 0, 0, 0, 0, 0, 0, 0, 0, 0, 0, 0, 0, 0, 0, 0, 0, 0, 0, 0, 0, 0, 0, 0, 0, 0, 0, 0, 0, 0, 0, 0, 0, 0, 0, 0, 0, 0, 0, 0, 0, 0, 0, 0, 0, 0, 0, 0, 0, 0, 0, 0, 0, 0, 0, 0, 0, 0, 0, 0, 0, 0, 0, 0, 0, 0, 0, 0, 0, 0, 0, 0, 0, 0, 0, 0, 0, 0, 0, 0, 0, 0, 0, 0, 0, 0, 0, 0, 0, 0, 0, 0, 0, 0, 0, 0, 0, 0, 0, 0, 0, 0, 0, 0, 0, 0, 0, 0, 0, 0, 0, 0, 0, 0, 0, 0, 0, 0, 0, 0, 0, 0, 0, 0, 0, 0, 0, 0, 0, 0, 0, 0, 0, 0, 0, 0, 0, 0, 0, 0, 0, 0, 0, 0, 0, 0, 0, 0, 0, 0, 0, 0, 0, 0, 0, 0, 0, 0, 0, 0, 0, 0, 0, 0, 0, 0, 0, 0, 0, 0, 0, 0, 0, 0, 0, 0, 0, 0, 0, 0, 0, 0, 0, 0, 0, 0, 0, 0, 0, 0, 0, 0, 0, 0, 0, 0, 0, 0, 0, 0, 0, 0, 0, 0, 0, 0, 0, 0, 0, 0, 0, 0, 0, 0, 0, 0, 0, 0, 0, 0, 0, 0, 0, 0, 0, 0, 0, 0, 0, 0, 0, 0, 0, 0, 0, 0, 0, 0, 0, 0, 0, 0, 0, 0, 0, 0, 0, 0, 0, 0, 0, 0, 0, 0, 0, 0, 0, 0, 0, 0, 0, 0, 0, 0, 0, 0, 0, 0, 0, 0, 0, 0, 0, 0, 0, 0, 0, 0, 0, 0, 0, 0, 0, 0, 0, 0, 0, 0, 0, 0, 0, 0, 0, 0, 0, 0, 0, 0, 0, 0, 0, 0, 0, 0, 0, 0, 0, 0, 0, 0, 0, 0, 0, 0, 0, 0, 0, 0, 0, 0, 0, 0, 0, 0, 0, 0, 0, 0, 0, 0, 0, 0, 0, 0, 0, 0, 0, 0, 0, 0, 0, 0, 0, 0, 0, 0, 0, 0, 0, 0, 0, 0, 0, 0, 0, 0, 0, 0, 0, 0, 0, 0, 0, 0, 0, 0, 0, 0, 0, 0, 0, 0, 0, 0, 0, 0, 0, 0, 0, 0, 0, 0, 0, 0, 0, 0, 0, 0, 0, 0, 0, 0, 0, 0, 0, 0, 0, 0, 0, 0, 0, 0, 0, 0, 0, 0, 0, 0, 0, 0, 0, 0, 0, 0, 0, 0, 0, 0, 0, 0, 0, 0, 0, 0, 0, 0, 0, 0, 0, 0, 0, 0, 0, 0, 0, 0, 0, 0, 0, 0, 0, 0, 0, 0, 0, 0, 0, 0, 0, 0, 0, 0, 0, 0, 0, 0, 0, 0, 0, 0, 0, 0, 0, 0, 0, 0, 0, 0, 0, 0, 0, 0, 0, 0, 0, 0, 0, 0, 0, 0, 0, 0, 0, 0, 0, 0, 0, 0, 0, 0, 0, 0, 0, 0, 0, 0, 0, 0, 0, 0, 0, 0, 0, 0, 0, 0, 0, 0, 0, 0, 0, 0, 0, 0, 0, 0, 0, 0, 0, 0, 0, 0, 0, 0, 0, 0, 0, 0, 0, 0, 0, 0, 0, 0, 0, 0, 0, 0, 0, 0, 0, 0, 0, 0, 0, 0, 0, 0, 0, 0, 0, 0, 0, 0, 0, 0, 0, 0, 0, 0, 0, 0, 0, 0, 0, 0, 0, 0, 0, 0, 0, 0, 0, 0, 0, 0, 0, 0, 0, 0, 0, 0, 0, 0, 0, 0, 0, 0, 0, 0, 0, 0, 0, 0, 0, 0, 0, 0, 0, 0, 0, 0, 0, 0, 0, 0, 0, 0, 0, 0, 0, 0, 0, 0, 0, 0, 0, 0, 0, 0, 0, 0, 0, 0, 0, 0, 0, 0, 0, 0, 0, 0, 0, 0, 0, 0, 0, 0, 0, 0, 0, 0, 0, 0, 0, 0, 0, 0, 0, 0, 0, 0, 0, 0, 0, 0, 0, 0, 0, 0, 0, 0, 0, 0, 0, 0, 0, 0, 0, 0, 0, 0, 0, 0, 0, 0, 0, 0, 0, 0, 0, 0, 0, 0, 0, 0, 0, 0, 0, 0, 0, 0, 0, 0, 0, 0, 0, 0, 0, 0, 0, 0, 0, 0, 0, 0, 0, 0, 0, 0, 0, 0, 0, 0, 0, 0, 0, 0, 0, 0, 0, 0, 0, 0, 0, 0, 0, 0, 0, 0, 0, 0, 0, 0, 0, 0, 0, 0, 0, 0, 0, 0, 0, 0, 0, 0, 0, 0, 0, 0, 0, 0, 0, 0, 0, 0, 0, 0, 0, 0, 0, 0, 0, 0, 0, 0, 0, 0, 0, 0, 0, 0, 0, 0, 0, 0, 0, 0, 0, 0, 0, 0, 0, 0, 0, 0, 0, 0, 0, 0, 0, 0, 0, 0, 0, 0, 0, 0, 0, 0, 0, 0, 0, 0, 0, 0, 0, 0, 0, 0, 0, 0, 0, 0, 0, 0, 0, 0, 0, 0, 0, 0, 0, 0, 0, 0, 0, 0, 0, 0, 0, 0, 0, 0, 0, 0, 0, 0, 0, 0, 0, 0, 0, 0, 0, 0, 0, 0, 0, 0, 0, 0, 0, 0, 0, 0, 0, 0, 0, 0, 0, 0, 0, 0, 0, 0, 0, 0, 0, 0, 0, 0, 0, 0, 0, 0, 0, 0, 0, 0, 0, 0, 0, 0, 0, 0, 0, 0, 0, 0, 0, 0, 0, 0, 0, 0, 0, 0, 0, 0, 0, 0, 0, 0, 0, 0, 0, 0, 0, 0, 0, 0, 0, 0, 0, 0, 0, 0, 0, 0, 0, 0, 0, 0, 0, 0, 0, 0, 0, 0, 0, 0, 0, 0, 0, 0, 0, 0, 0, 0, 0, 0, 0, 0, 0, 0, 0, 0, 0, 0, 0, 0, 0, 0, 0, 0, 0, 0, 0, 0, 0, 0, 0, 0, 0, 0, 0, 0, 0, 0, 0, 0, 0, 0, 0, 0, 0, 0, 0, 0, 0, 0, 0, 0, 0, 0, 0, 0, 0, 0, 0, 0, 0, 0, 0, 0, 0, 0, 0, 0, 0, 0, 0, 0, 0, 0, 0, 0, 0, 0, 0, 0, 0, 0, 0, 0, 0, 0, 0, 0, 0, 0, 0, 0, 0, 0, 0, 0, 0, 0, 0, 0, 0, 0, 0, 0, 0, 0, 0, 0, 0, 0, 0, 0, 0, 0, 0, 0, 0, 0, 0, 0, 0, 0, 0, 0, 0, 0, 0, 0, 0, 0, 0, 0, 0, 0, 0, 0, 0, 0, 0, 0, 0, 0, 0, 0, 0, 0, 0, 0, 0, 0, 0, 0, 0, 0, 0, 0, 0, 0, 0, 0, 0, 0, 0, 0, 0, 0, 0, 0, 0, 0, 0, 0, 0, 0, 0, 0, 0, 0, 0, 0, 0, 0, 0, 0, 0, 0, 0, 0, 0, 0, 0, 0, 0, 0, 0, 0, 0, 0, 0, 0, 0, 0, 0, 0, 0, 0, 0, 0, 0, 0, 0, 0, 0, 0, 0, 0, 0, 0, 0, 0, 0, 0, 0, 0, 0, 0, 0, 0, 0, 0, 0, 0, 0, 0, 0, 0, 0, 0, 0, 0, 0, 0, 0, 0, 0, 0, 0, 0, 0, 0, 0, 0, 0, 0, 0, 0, 0, 0, 0, 0, 0, 0, 0, 0, 0, 0, 0, 0, 0, 0, 0, 0, 0, 0, 0, 0, 0, 0, 0, 0, 0, 0, 0, 0, 0, 0, 0, 0, 0, 0, 0, 0, 0, 0, 0, 0, 0, 0, 0, 0, 0, 0, 0, 0, 0, 0, 0, 0, 0, 0, 0, 0, 0, 0, 0, 0, 0, 0, 0, 0, 0, 0, 0, 0, 0, 0, 0, 0, 0, 0, 0, 0, 0, 0, 0, 0, 0, 0, 0, 0, 0, 0, 0, 0, 0, 0, 0, 0, 0, 0, 0, 0, 0, 0, 0, 0, 0, 0, 0, 0, 0, 0, 0, 0, 0, 0, 0, 0, 0, 0, 0, 0, 0, 0, 0, 0, 0, 0, 0, 0, 0, 0, 0, 0, 0, 0, 0, 0, 0, 0, 0, 0, 0, 0, 0, 0, 0, 0, 0, 0, 0, 0, 0, 0, 0, 0, 0, 0, 0, 0, 0, 0, 0, 0, 0, 0, 0, 0, 0, 0, 0, 0, 0, 0, 0, 0, 0, 0, 0, 0, 0, 0, 0, 0, 0, 0, 0, 0, 0, 0, 0, 0, 0, 0, 0, 0, 0, 0, 0, 0, 0, 0, 0, 0, 0, 0, 0, 0, 0, 0, 0, 0, 0, 0, 0, 0, 0, 0, 0, 0, 0, 0, 0, 0, 0, 0, 0, 0, 0, 0, 0, 0, 0, 0, 0, 0, 0, 0, 0, 0, 0, 0, 0, 0, 0, 0, 0, 0, 0, 0, 0, 0, 0, 0, 0, 0, 0, 0, 0, 0, 0, 0, 0, 0, 0, 0, 0, 0, 0, 0, 0, 0, 0, 0, 0, 0, 0, 0, 0, 0, 0, 0, 0, 0, 0, 0, 0, 0, 0, 0, 0, 0, 0, 0, 0, 0, 0, 0, 0, 0, 0, 0, 0, 0, 0, 0, 0, 0, 0, 0, 0, 0, 0, 0, 0, 0, 0, 0, 0, 0, 0, 0, 0, 0, 0, 0, 0, 0, 0, 0, 0, 0, 0, 0, 0, 0, 0, 0, 0, 0, 0, 0, 0, 0, 0, 0, 0, 0, 0, 0, 0, 0, 0, 0, 0, 0, 0, 0, 0, 0, 0, 0, 0, 0, 0, 0, 0, 0, 0, 0, 0, 0, 0, 0, 0, 0, 0, 0, 0, 0, 0, 0, 0, 0, 0, 0, 0, 0, 0, 0, 0, 0, 0, 0, 0, 0, 0, 0, 0, 0, 0, 0, 0, 0, 0, 0, 0, 0, 0, 0, 0, 0, 0, 0, 0, 0, 0, 0, 0, 0, 0, 0, 0, 0, 0, 0, 0, 0, 0, 0, 0, 0, 0, 0, 0, 0, 0, 0, 0, 0, 0, 0, 0, 0, 0, 0, 0, 0, 0, 0, 0, 0, 0, 0, 0, 0, 0, 0, 0, 0, 0, 0, 0, 0, 0, 0, 0, 0, 0, 0, 0, 0, 0, 0, 0, 0, 0, 0, 0, 0, 0, 0, 0, 0, 0, 0, 0, 0, 0, 0, 0, 0, 0, 0, 0, 0, 0, 0, 0, 0, 0, 0, 0, 0, 0, 0, 0, 0, 0, 0, 0, 0, 0, 0, 0, 0, 0, 0, 0, 0, 0, 0, 0, 0, 0, 0, 0, 0, 0, 0, 0, 0, 0, 0, 0, 0, 0, 0, 0, 0, 0, 0, 0, 0, 0, 0, 0, 0, 0, 0, 0, 0, 0, 0, 0, 0, 0, 0, 0, 0, 0, 0, 0, 0, 0, 0, 0, 0, 0, 0, 0, 0, 0, 0, 0, 0, 0, 0, 0, 0, 0, 0, 0, 0, 0, 0, 0, 0, 0, 0, 0, 0, 0, 0, 0, 0, 0, 0, 0, 0, 0, 0, 0, 0, 0, 0, 0, 0, 0, 0, 0, 0, 0, 0, 0, 0, 0, 0, 0, 0, 0, 0, 0, 0, 0, 0, 0, 0, 0, 0, 0, 0, 0, 0, 0, 0, 0, 0, 0, 0, 0, 0, 0, 0, 0, 0, 0, 0, 0, 0, 0, 0, 0, 0, 0, 0, 0, 0, 0, 0, 0, 0, 0, 0, 0, 0, 0, 0, 0, 0, 0, 0, 0, 0, 0, 0, 0, 0, 0, 0, 0, 0, 0, 0, 0, 0, 0, 0, 0, 0, 0, 0, 0, 0, 0, 0, 0, 0, 0, 0, 0, 0, 0, 0, 0, 0, 0, 0, 0, 0, 0, 0, 0, 0, 0, 0, 0, 0, 0, 0, 0, 0, 0, 0, 0, 0, 0, 0, 0, 0, 0, 0, 0, 0, 0, 0, 0, 0, 0, 0, 0, 0, 0, 0, 0, 0, 0, 0, 0, 0, 0, 0, 0, 0, 0, 0, 0, 0, 0, 0, 0, 0, 0, 0, 0, 0, 0, 0, 0, 0, 0, 0, 0, 0, 0, 0, 0, 0, 0, 0, 0, 0, 0, 0, 0, 0, 0, 0, 0, 0, 0, 0, 0, 0, 0, 0, 0, 0, 0, 0, 0, 0, 0, 0, 0, 0, 0, 0, 0, 0, 0, 0, 0, 0, 0, 0, 0, 0, 0, 0, 0, 0, 0, 0, 0, 0, 0, 0, 0, 0, 0, 0, 0, 0, 0, 0, 0, 0, 0, 0, 0, 0, 0, 0, 0, 0, 0, 0, 0, 0, 0, 0, 0, 0, 0, 0, 0, 0, 0, 0, 0, 0, 0, 0, 0, 0, 0, 0, 0, 0, 0, 0, 0, 0, 0, 0, 0, 0, 0, 0, 0, 0, 0, 0, 0, 0, 0, 0, 0, 0, 0, 0, 0, 0, 0, 0, 0, 0, 0, 0, 0, 0, 0, 0, 0, 0, 0, 0, 0, 0, 0, 0, 0, 0, 0, 0, 0, 0, 0, 0, 0, 0, 0, 0, 0, 0, 0, 0, 0, 0, 0, 0, 0, 0, 0, 0, 0, 0, 0, 0, 0, 0, 0, 0, 0, 0, 0, 0, 0, 0, 0, 0, 0, 0, 0, 0, 0, 0, 0, 0, 0, 0, 0, 0, 0, 0, 0, 0, 0, 0, 0, 0, 0, 0, 0, 0, 0, 0, 0, 0, 0, 0, 0, 0, 0, 0, 0, 0, 0, 0, 0, 0, 0, 0, 0, 0, 0, 0, 0, 0, 0, 0, 0, 0, 0, 0, 0, 0, 0, 0, 0, 0, 0, 0, 0, 0, 0, 0, 0, 0, 0, 0, 0, 0, 0, 0, 0, 0, 0, 0, 0, 0, 0, 0, 0, 0, 0, 0, 0, 0, 0, 0, 0, 0, 0, 0, 0, 0, 0, 0, 0, 0, 0, 0, 0, 0, 0, 0, 0, 0, 0, 0, 0, 0, 0, 0, 0, 0, 0, 0, 0, 0, 0, 0, 0, 0, 0, 0, 0, 0, 0, 0, 0, 0, 0, 0, 0, 0, 0, 0, 0, 0, 0, 0, 0, 0, 0, 0, 0, 0, 0, 0, 0, 0, 0, 0, 0, 0, 0, 0, 0, 0, 0, 0, 0, 0, 0, 0, 0, 0, 0, 0, 0, 0, 0, 0, 0, 0, 0, 0, 0, 0, 0, 0, 0, 0, 0, 0, 0, 0, 0, 0, 0, 0, 0, 0, 0, 0, 0, 0, 0, 0, 0, 0, 0, 0, 0, 0, 0, 0, 0, 0, 0, 0, 0, 0, 0, 0, 0, 0, 0, 0, 0, 0, 0, 0, 0, 0, 0, 0, 0, 0, 0, 0, 0, 0, 0, 0, 0, 0, 0, 0, 0, 0, 0, 0, 0, 0, 0, 0, 0, 0, 0, 0, 0, 0, 0, 0, 0, 0, 0, 0, 0, 0, 0, 0, 0, 0, 0, 0, 0, 0, 0, 0, 0, 0, 0, 0, 0, 0, 0, 0, 0, 0, 0, 0, 0, 0, 0, 0, 0, 0, 0, 0, 0, 0, 0, 0, 0, 0, 0, 0, 0, 0, 0, 0, 0, 0, 0, 0, 0, 0, 0, 0, 0, 0, 0, 0, 0, 0, 0, 0, 0, 0, 0, 0, 0, 0, 0, 0, 0, 0, 0, 0, 0, 0, 0, 0, 0, 0, 0, 0, 0, 0, 0, 0, 0, 0, 0, 0, 0, 0, 0, 0, 0, 0, 0, 0, 0, 0, 0, 0, 0, 0, 0, 0, 0, 0, 0, 0, 0, 0, 0, 0, 0, 0, 0, 0, 0, 0, 0, 0, 0, 0, 0, 0, 0, 0, 0, 0, 0, 0, 0, 0, 0, 0, 0, 0, 0, 0, 0, 0, 0, 0, 0, 0, 0, 0, 0, 0, 0, 0, 0, 0, 0, 0, 0, 0, 0, 0, 0, 0, 0, 0, 0, 0, 0, 0, 0, 0, 0, 0, 0, 0, 0, 0, 0, 0, 0, 0, 0, 0, 0, 0, 0, 0, 0, 0, 0, 0, 0, 0, 0, 0, 0, 0, 0, 0, 0, 0, 0, 0, 0, 0, 0, 0, 0, 0, 0, 0, 0, 0, 0, 0, 0, 0, 0, 0, 0, 0, 0, 0, 0, 0, 0, 0, 0, 0, 0, 0, 0, 0, 0, 0, 0, 0, 0, 0, 0, 0, 0, 0, 0, 0, 0, 0, 0, 0, 0, 0, 0, 0, 0, 0, 0, 0, 0, 0, 0, 0, 0, 0, 0, 0, 0, 0, 0, 0, 0, 0, 0, 0, 0, 0, 0, 0, 0, 0, 0, 0, 0, 0, 0, 0, 0, 0, 0, 0, 0, 0, 0, 0, 0, 0, 0, 0, 0, 0, 0, 0, 0, 0, 0, 0, 0, 0, 0, 0, 0, 0, 0, 0, 0, 0, 0, 0, 0, 0, 0, 0, 0, 0, 0, 0, 0, 0, 0, 0, 0, 0, 0, 0, 0, 0, 0, 0, 0, 0, 0, 0, 0, 0, 0, 0, 0, 0, 0, 0, 0, 0, 0, 0, 0, 0, 0, 0, 0, 0, 0, 0, 0, 0, 0, 0, 0, 0, 0, 0, 0, 0, 0, 0, 0, 0, 0, 0, 0, 0, 0, 0, 0, 0, 0, 0, 0, 0, 0, 0, 0, 0, 0, 0, 0, 0, 0, 0, 0, 0, 0, 0, 0, 0, 0, 0, 0, 0, 0, 0, 0, 0, 0, 0, 0, 0, 0, 0, 0, 0, 0, 0, 0, 0, 0, 0, 0, 0, 0, 0, 0, 0, 0, 0, 0, 0, 0, 0, 0, 0, 0, 0, 0, 0, 0, 0, 0, 0, 0, 0, 0, 0, 0, 0, 0, 0, 0, 0, 0, 0, 0, 0, 0, 0, 0, 0, 0, 0, 0, 0, 0, 0, 0, 0, 0, 0, 0, 0, 0, 0, 0, 0, 0, 0, 0, 0, 0, 0, 0, 0, 0, 0, 0, 0, 0, 0, 0, 0, 0, 0, 0, 0, 0, 0, 0, 0, 0, 0, 0, 0, 0, 0, 0, 0, 0, 0, 0, 0, 0, 0, 0, 0, 0, 0, 0, 0, 0, 0, 0, 0, 0, 0, 0, 0, 0, 0, 0, 0, 0, 0, 0, 0, 0, 0, 0, 0, 0, 0, 0, 0, 0, 0, 0, 0, 0, 0, 0, 0, 0, 0, 0, 0, 0, 0, 0, 0, 0, 0, 0, 0, 0, 0, 0, 0, 0, 0, 0, 0, 0, 0, 0, 0, 0, 0, 0, 0, 0, 0, 0, 0, 0, 0, 0, 0, 0, 0, 0, 0, 0, 0, 0, 0, 0, 0, 0, 0, 0, 0, 0, 0, 0, 0, 0, 0, 0, 0, 0, 0, 0, 0, 0, 0, 0, 0, 0, 0, 0, 0, 0, 0, 0, 0, 0, 0, 0, 0, 0, 0, 0, 0, 0, 0, 0, 0, 0, 0, 0, 0, 0, 0, 0, 0, 0, 0, 0, 0, 0, 0, 0, 0, 0, 0, 0, 0, 0, 0, 0, 0, 0, 0, 0, 0, 0, 0, 0, 0, 0, 0, 0, 0, 0, 0, 0, 0, 0, 0, 0, 0, 0, 0, 0, 0, 0, 0, 0, 0, 0, 0, 0, 0, 0, 0, 0, 0, 0, 0, 0, 0, 0, 0, 0, 0, 0, 0, 0, 0, 0, 0, 0, 0, 0, 0, 0, 0, 0, 0, 0, 0, 0, 0, 0, 0, 0, 0, 0, 0, 0, 0, 0, 0, 0, 0, 0, 0, 0, 0, 0, 0, 0, 0, 0, 0, 0, 0, 0, 0, 0, 0, 0, 0, 0, 0, 0, 0, 0, 0, 0, 0, 0, 0, 0, 0, 0, 0, 0, 0, 0, 0, 0, 0, 0, 0, 0 } ({ 00000000, 00000000, 00000000, 00000000, 00000000, 00000000, 00000000, 00000000, 00000000, 00000000, 00000000, 00000000, 00000000, 00000000, 00000000, 00000000, 00000000, 00000000, 00000000, 00000000, 00000000, 00000000, 00000000, 00000000, 00000000, 00000000, 00000000, 00000000, 00000000, 00000000, 00000000, 00000000, 00000000, 00000000, 00000000, 00000000, 00000000, 00000000, 00000000, 00000000, 00000000, 00000000, 00000000, 00000000, 00000000, 00000000, 00000000, 00000000, 00000000, 00000000, 00000000, 00000000, 00000000, 00000000, 00000000, 00000000, 00000000, 00000000, 00000000, 00000000, 00000000, 00000000, 00000000, 00000000, 00000000, 00000000, 00000000, 00000000, 00000000, 00000000, 00000000, 00000000, 00000000, 00000000, 00000000, 00000000, 00000000, 00000000, 00000000, 00000000, 00000000, 00000000, 00000000, 00000000, 00000000, 00000000, 00000000, 00000000, 00000000, 00000000, 00000000, 00000000, 00000000, 00000000, 00000000, 00000000, 00000000, 00000000, 00000000, 00000000, 00000000, 00000000, 00000000, 00000000, 00000000, 00000000, 00000000, 00000000, 00000000, 00000000, 00000000, 00000000, 00000000, 00000000, 00000000, 00000000, 00000000, 00000000, 00000000, 00000000, 00000000, 00000000, 00000000, 00000000, 00000000, 00000000, 00000000, 00000000, 00000000, 00000000, 00000000, 00000000, 00000000, 00000000, 00000000, 00000000, 00000000, 00000000, 00000000, 00000000, 00000000, 00000000, 00000000, 00000000, 00000000, 00000000, 00000000, 00000000, 00000000, 00000000, 00000000, 00000000, 00000000, 00000000, 00000000, 00000000, 00000000, 00000000, 00000000, 00000000, 00000000, 00000000, 00000000, 00000000, 00000000, 00000000, 00000000, 00000000, 00000000, 00000000, 00000000, 00000000, 00000000, 00000000, 00000000, 00000000, 00000000, 00000000, 00000000, 00000000, 00000000, 00000000, 00000000, 00000000, 00000000, 00000000, 00000000, 00000000, 00000000, 00000000, 00000000, 00000000, 00000000, 00000000, 00000000, 00000000, 00000000, 00000000, 00000000, 00000000, 00000000, 00000000, 00000000, 00000000, 00000000, 00000000, 00000000, 00000000, 00000000, 00000000, 00000000, 00000000, 00000000, 00000000, 00000000, 00000000, 00000000, 00000000, 00000000, 00000000, 00000000, 00000000, 00000000, 00000000, 00000000, 00000000, 00000000, 00000000, 00000000, 00000000, 00000000, 00000000, 00000000, 00000000, 00000000, 00000000, 00000000, 00000000, 00000000, 00000000, 00000000, 00000000, 00000000, 00000000, 00000000, 00000000, 00000000, 00000000, 00000000, 00000000, 00000000, 00000000, 00000000, 00000000, 00000000, 00000000, 00000000, 00000000, 00000000, 00000000, 00000000, 00000000, 00000000, 00000000, 00000000, 00000000, 00000000, 00000000, 00000000, 00000000, 00000000, 00000000, 00000000, 00000000, 00000000, 00000000, 00000000, 00000000, 00000000, 00000000, 00000000, 00000000, 00000000, 00000000, 00000000, 00000000, 00000000, 00000000, 00000000, 00000000, 00000000, 00000000, 00000000, 00000000, 00000000, 00000000, 00000000, 00000000, 00000000, 00000000, 00000000, 00000000, 00000000, 00000000, 00000000, 00000000, 00000000, 00000000, 00000000, 00000000, 00000000, 00000000, 00000000, 00000000, 00000000, 00000000, 00000000, 00000000, 00000000, 00000000, 00000000, 00000000, 00000000, 00000000, 00000000, 00000000, 00000000, 00000000, 00000000, 00000000, 00000000, 00000000, 00000000, 00000000, 00000000, 00000000, 00000000, 00000000, 00000000, 00000000, 00000000, 00000000, 00000000, 00000000, 00000000, 00000000, 00000000, 00000000, 00000000, 00000000, 00000000, 00000000, 00000000, 00000000, 00000000, 00000000, 00000000, 00000000, 00000000, 00000000, 00000000, 00000000, 00000000, 00000000, 00000000, 00000000, 00000000, 00000000, 00000000, 00000000, 00000000, 00000000, 00000000, 00000000, 00000000, 00000000, 00000000, 00000000, 00000000, 00000000, 00000000, 00000000, 00000000, 00000000, 00000000, 00000000, 00000000, 00000000, 00000000, 00000000, 00000000, 00000000, 00000000, 00000000, 00000000, 00000000, 00000000, 00000000, 00000000, 00000000, 00000000, 00000000, 00000000, 00000000, 00000000, 00000000, 00000000, 00000000, 00000000, 00000000, 00000000, 00000000, 00000000, 00000000, 00000000, 00000000, 00000000, 00000000, 00000000, 00000000, 00000000, 00000000, 00000000, 00000000, 00000000, 00000000, 00000000, 00000000, 00000000, 00000000, 00000000, 00000000, 00000000, 00000000, 00000000, 00000000, 00000000, 00000000, 00000000, 00000000, 00000000, 00000000, 00000000, 00000000, 00000000, 00000000, 00000000, 00000000, 00000000, 00000000, 00000000, 00000000, 00000000, 00000000, 00000000, 00000000, 00000000, 00000000, 00000000, 00000000, 00000000, 00000000, 00000000, 00000000, 00000000, 00000000, 00000000, 00000000, 00000000, 00000000, 00000000, 00000000, 00000000, 00000000, 00000000, 00000000, 00000000, 00000000, 00000000, 00000000, 00000000, 00000000, 00000000, 00000000, 00000000, 00000000, 00000000, 00000000, 00000000, 00000000, 00000000, 00000000, 00000000, 00000000, 00000000, 00000000, 00000000, 00000000, 00000000, 00000000, 00000000, 00000000, 00000000, 00000000, 00000000, 00000000, 00000000, 00000000, 00000000, 00000000, 00000000, 00000000, 00000000, 00000000, 00000000, 00000000, 00000000, 00000000, 00000000, 00000000, 00000000, 00000000, 00000000, 00000000, 00000000, 00000000, 00000000, 00000000, 00000000, 00000000, 00000000, 00000000, 00000000, 00000000, 00000000, 00000000, 00000000, 00000000, 00000000, 00000000, 00000000, 00000000, 00000000, 00000000, 00000000, 00000000, 00000000, 00000000, 00000000, 00000000, 00000000, 00000000, 00000000, 00000000, 00000000, 00000000, 00000000, 00000000, 00000000, 00000000, 00000000, 00000000, 00000000, 00000000, 00000000, 00000000, 00000000, 00000000, 00000000, 00000000, 00000000, 00000000, 00000000, 00000000, 00000000, 00000000, 00000000, 00000000, 00000000, 00000000, 00000000, 00000000, 00000000, 00000000, 00000000, 00000000, 00000000, 00000000, 00000000, 00000000, 00000000, 00000000, 00000000, 00000000, 00000000, 00000000, 00000000, 00000000, 00000000, 00000000, 00000000, 00000000, 00000000, 00000000, 00000000, 00000000, 00000000, 00000000, 00000000, 00000000, 00000000, 00000000, 00000000, 00000000, 00000000, 00000000, 00000000, 00000000, 00000000, 00000000, 00000000, 00000000, 00000000, 00000000, 00000000, 00000000, 00000000, 00000000, 00000000, 00000000, 00000000, 00000000, 00000000, 00000000, 00000000, 00000000, 00000000, 00000000, 00000000, 00000000, 00000000, 00000000, 00000000, 00000000, 00000000, 00000000, 00000000, 00000000, 00000000, 00000000, 00000000, 00000000, 00000000, 00000000, 00000000, 00000000, 00000000, 00000000, 00000000, 00000000, 00000000, 00000000, 00000000, 00000000, 00000000, 00000000, 00000000, 00000000, 00000000, 00000000, 00000000, 00000000, 00000000, 00000000, 00000000, 00000000, 00000000, 00000000, 00000000, 00000000, 00000000, 00000000, 00000000, 00000000, 00000000, 00000000, 00000000, 00000000, 00000000, 00000000, 00000000, 00000000, 00000000, 00000000, 00000000, 00000000, 00000000, 00000000, 00000000, 00000000, 00000000, 00000000, 00000000, 00000000, 00000000, 00000000, 00000000, 00000000, 00000000, 00000000, 00000000, 00000000, 00000000, 00000000, 00000000, 00000000, 00000000, 00000000, 00000000, 00000000, 00000000, 00000000, 00000000, 00000000, 00000000, 00000000, 00000000, 00000000, 00000000, 00000000, 00000000, 00000000, 00000000, 00000000, 00000000, 00000000, 00000000, 00000000, 00000000, 00000000, 00000000, 00000000, 00000000, 00000000, 00000000, 00000000, 00000000, 00000000, 00000000, 00000000, 00000000, 00000000, 00000000, 00000000, 00000000, 00000000, 00000000, 00000000, 00000000, 00000000, 00000000, 00000000, 00000000, 00000000, 00000000, 00000000, 00000000, 00000000, 00000000, 00000000, 00000000, 00000000, 00000000, 00000000, 00000000, 00000000, 00000000, 00000000, 00000000, 00000000, 00000000, 00000000, 00000000, 00000000, 00000000, 00000000, 00000000, 00000000, 00000000, 00000000, 00000000, 00000000, 00000000, 00000000, 00000000, 00000000, 00000000, 00000000, 00000000, 00000000, 00000000, 00000000, 00000000, 00000000, 00000000, 00000000, 00000000, 00000000, 00000000, 00000000, 00000000, 00000000, 00000000, 00000000, 00000000, 00000000, 00000000, 00000000, 00000000, 00000000, 00000000, 00000000, 00000000, 00000000, 00000000, 00000000, 00000000, 00000000, 00000000, 00000000, 00000000, 00000000, 00000000, 00000000, 00000000, 00000000, 00000000, 00000000, 00000000, 00000000, 00000000, 00000000, 00000000, 00000000, 00000000, 00000000, 00000000, 00000000, 00000000, 00000000, 00000000, 00000000, 00000000, 00000000, 00000000, 00000000, 00000000, 00000000, 00000000, 00000000, 00000000, 00000000, 00000000, 00000000, 00000000, 00000000, 00000000, 00000000, 00000000, 00000000, 00000000, 00000000, 00000000, 00000000, 00000000, 00000000, 00000000, 00000000, 00000000, 00000000, 00000000, 00000000, 00000000, 00000000, 00000000, 00000000, 00000000, 00000000, 00000000, 00000000, 00000000, 00000000, 00000000, 00000000, 00000000, 00000000, 00000000, 00000000, 00000000, 00000000, 00000000, 00000000, 00000000, 00000000, 00000000, 00000000, 00000000, 00000000, 00000000, 00000000, 00000000, 00000000, 00000000, 00000000, 00000000, 00000000, 00000000, 00000000, 00000000, 00000000, 00000000, 00000000, 00000000, 00000000, 00000000, 00000000, 00000000, 00000000, 00000000, 00000000, 00000000, 00000000, 00000000, 00000000, 00000000, 00000000, 00000000, 00000000, 00000000, 00000000, 00000000, 00000000, 00000000, 00000000, 00000000, 00000000, 00000000, 00000000, 00000000, 00000000, 00000000, 00000000, 00000000, 00000000, 00000000, 00000000, 00000000, 00000000, 00000000, 00000000, 00000000, 00000000, 00000000, 00000000, 00000000, 00000000, 00000000, 00000000, 00000000, 00000000, 00000000, 00000000, 00000000, 00000000, 00000000, 00000000, 00000000, 00000000, 00000000, 00000000, 00000000, 00000000, 00000000, 00000000, 00000000, 00000000, 00000000, 00000000, 00000000, 00000000, 00000000, 00000000, 00000000, 00000000, 00000000, 00000000, 00000000, 00000000, 00000000, 00000000, 00000000, 00000000, 00000000, 00000000, 00000000, 00000000, 00000000, 00000000, 00000000, 00000000, 00000000, 00000000, 00000000, 00000000, 00000000, 00000000, 00000000, 00000000, 00000000, 00000000, 00000000, 00000000, 00000000, 00000000, 00000000, 00000000, 00000000, 00000000, 00000000, 00000000, 00000000, 00000000, 00000000, 00000000, 00000000, 00000000, 00000000, 00000000, 00000000, 00000000, 00000000, 00000000, 00000000, 00000000, 00000000, 00000000, 00000000, 00000000, 00000000, 00000000, 00000000, 00000000, 00000000, 00000000, 00000000, 00000000, 00000000, 00000000, 00000000, 00000000, 00000000, 00000000, 00000000, 00000000, 00000000, 00000000, 00000000, 00000000, 00000000, 00000000, 00000000, 00000000, 00000000, 00000000, 00000000, 00000000, 00000000, 00000000, 00000000, 00000000, 00000000, 00000000, 00000000, 00000000, 00000000, 00000000, 00000000, 00000000, 00000000, 00000000, 00000000, 00000000, 00000000, 00000000, 00000000, 00000000, 00000000, 00000000, 00000000, 00000000, 00000000, 00000000, 00000000, 00000000, 00000000, 00000000, 00000000, 00000000, 00000000, 00000000, 00000000, 00000000, 00000000, 00000000, 00000000, 00000000, 00000000, 00000000, 00000000, 00000000, 00000000, 00000000, 00000000, 00000000, 00000000, 00000000, 00000000, 00000000, 00000000, 00000000, 00000000, 00000000, 00000000, 00000000, 00000000, 00000000, 00000000, 00000000, 00000000, 00000000, 00000000, 00000000, 00000000, 00000000, 00000000, 00000000, 00000000, 00000000, 00000000, 00000000, 00000000, 00000000, 00000000, 00000000, 00000000, 00000000, 00000000, 00000000, 00000000, 00000000, 00000000, 00000000, 00000000, 00000000, 00000000, 00000000, 00000000, 00000000, 00000000, 00000000, 00000000, 00000000, 00000000, 00000000, 00000000, 00000000, 00000000, 00000000, 00000000, 00000000, 00000000, 00000000, 00000000, 00000000, 00000000, 00000000, 00000000, 00000000, 00000000, 00000000, 00000000, 00000000, 00000000, 00000000, 00000000, 00000000, 00000000, 00000000, 00000000, 00000000, 00000000, 00000000, 00000000, 00000000, 00000000, 00000000, 00000000, 00000000, 00000000, 00000000, 00000000, 00000000, 00000000, 00000000, 00000000, 00000000, 00000000, 00000000, 00000000, 00000000, 00000000, 00000000, 00000000, 00000000, 00000000, 00000000, 00000000, 00000000, 00000000, 00000000, 00000000, 00000000, 00000000, 00000000, 00000000, 00000000, 00000000, 00000000, 00000000, 00000000, 00000000, 00000000, 00000000, 00000000, 00000000, 00000000, 00000000, 00000000, 00000000, 00000000, 00000000, 00000000, 00000000, 00000000, 00000000, 00000000, 00000000, 00000000, 00000000, 00000000, 00000000, 00000000, 00000000, 00000000, 00000000, 00000000, 00000000, 00000000, 00000000, 00000000, 00000000, 00000000, 00000000, 00000000, 00000000, 00000000, 00000000, 00000000, 00000000, 00000000, 00000000, 00000000, 00000000, 00000000, 00000000, 00000000, 00000000, 00000000, 00000000, 00000000, 00000000, 00000000, 00000000, 00000000, 00000000, 00000000, 00000000, 00000000, 00000000, 00000000, 00000000, 00000000, 00000000, 00000000, 00000000, 00000000, 00000000, 00000000, 00000000, 00000000, 00000000, 00000000, 00000000, 00000000, 00000000, 00000000, 00000000, 00000000, 00000000, 00000000, 00000000, 00000000, 00000000, 00000000, 00000000, 00000000, 00000000, 00000000, 00000000, 00000000, 00000000, 00000000, 00000000, 00000000, 00000000, 00000000, 00000000, 00000000, 00000000, 00000000, 00000000, 00000000, 00000000, 00000000, 00000000, 00000000, 00000000, 00000000, 00000000, 00000000, 00000000, 00000000, 00000000, 00000000, 00000000, 00000000, 00000000, 00000000, 00000000, 00000000, 00000000, 00000000, 00000000, 00000000, 00000000, 00000000, 00000000, 00000000, 00000000, 00000000, 00000000, 00000000, 00000000, 00000000, 00000000, 00000000, 00000000, 00000000, 00000000, 00000000, 00000000, 00000000, 00000000, 00000000, 00000000, 00000000, 00000000, 00000000, 00000000, 00000000, 00000000, 00000000, 00000000, 00000000, 00000000, 00000000, 00000000, 00000000, 00000000, 00000000, 00000000, 00000000, 00000000, 00000000, 00000000, 00000000, 00000000, 00000000, 00000000, 00000000, 00000000, 00000000, 00000000, 00000000, 00000000, 00000000, 00000000, 00000000, 00000000, 00000000, 00000000, 00000000, 00000000, 00000000, 00000000, 00000000, 00000000, 00000000, 00000000, 00000000, 00000000, 00000000, 00000000, 00000000, 00000000, 00000000, 00000000, 00000000, 00000000, 00000000, 00000000, 00000000, 00000000, 00000000, 00000000, 00000000, 00000000, 00000000, 00000000, 00000000, 00000000, 00000000, 00000000, 00000000, 00000000, 00000000, 00000000, 00000000, 00000000, 00000000, 00000000, 00000000, 00000000, 00000000, 00000000, 00000000, 00000000, 00000000, 00000000, 00000000, 00000000, 00000000, 00000000, 00000000, 00000000, 00000000, 00000000, 00000000, 00000000, 00000000, 00000000, 00000000, 00000000, 00000000, 00000000, 00000000, 00000000, 00000000, 00000000, 00000000, 00000000, 00000000, 00000000, 00000000, 00000000, 00000000, 00000000, 00000000, 00000000, 00000000, 00000000, 00000000, 00000000, 00000000, 00000000, 00000000, 00000000, 00000000, 00000000, 00000000, 00000000, 00000000, 00000000, 00000000, 00000000, 00000000, 00000000, 00000000, 00000000, 00000000, 00000000, 00000000, 00000000, 00000000, 00000000, 00000000, 00000000, 00000000, 00000000, 00000000, 00000000, 00000000, 00000000, 00000000, 00000000, 00000000, 00000000, 00000000, 00000000, 00000000, 00000000, 00000000, 00000000, 00000000, 00000000, 00000000, 00000000, 00000000, 00000000, 00000000, 00000000, 00000000, 00000000, 00000000, 00000000, 00000000, 00000000, 00000000, 00000000, 00000000, 00000000, 00000000, 00000000, 00000000, 00000000, 00000000, 00000000, 00000000, 00000000, 00000000, 00000000, 00000000, 00000000, 00000000, 00000000, 00000000, 00000000, 00000000, 00000000, 00000000, 00000000, 00000000, 00000000, 00000000, 00000000, 00000000, 00000000, 00000000, 00000000, 00000000, 00000000, 00000000, 00000000, 00000000, 00000000, 00000000, 00000000, 00000000, 00000000, 00000000, 00000000, 00000000, 00000000, 00000000, 00000000, 00000000, 00000000, 00000000, 00000000, 00000000, 00000000, 00000000, 00000000, 00000000, 00000000, 00000000, 00000000, 00000000, 00000000, 00000000, 00000000, 00000000, 00000000, 00000000, 00000000, 00000000, 00000000, 00000000, 00000000, 00000000, 00000000, 00000000, 00000000, 00000000, 00000000, 00000000, 00000000, 00000000, 00000000, 00000000, 00000000, 00000000, 00000000, 00000000, 00000000, 00000000, 00000000, 00000000, 00000000, 00000000, 00000000, 00000000, 00000000, 00000000, 00000000, 00000000, 00000000, 00000000, 00000000, 00000000, 00000000, 00000000, 00000000, 00000000, 00000000, 00000000, 00000000, 00000000, 00000000, 00000000, 00000000, 00000000, 00000000, 00000000, 00000000, 00000000, 00000000, 00000000, 00000000, 00000000, 00000000, 00000000, 00000000, 00000000, 00000000, 00000000, 00000000, 00000000, 00000000, 00000000, 00000000, 00000000, 00000000, 00000000, 00000000, 00000000, 00000000, 00000000, 00000000, 00000000, 00000000, 00000000, 00000000, 00000000, 00000000, 00000000, 00000000, 00000000, 00000000, 00000000, 00000000, 00000000, 00000000, 00000000, 00000000, 00000000, 00000000, 00000000, 00000000, 00000000, 00000000, 00000000, 00000000, 00000000, 00000000, 00000000, 00000000, 00000000, 00000000, 00000000, 00000000, 00000000, 00000000, 00000000, 00000000, 00000000, 00000000, 00000000, 00000000, 00000000, 00000000, 00000000, 00000000, 00000000, 00000000, 00000000, 00000000, 00000000, 00000000, 00000000, 00000000, 00000000, 00000000, 00000000, 00000000, 00000000, 00000000, 00000000, 00000000, 00000000, 00000000, 00000000, 00000000, 00000000, 00000000, 00000000, 00000000, 00000000, 00000000, 00000000, 00000000, 00000000, 00000000, 00000000, 00000000, 00000000, 00000000, 00000000, 00000000, 00000000, 00000000, 00000000, 00000000, 00000000, 00000000, 00000000, 00000000, 00000000, 00000000, 00000000, 00000000, 00000000, 00000000, 00000000, 00000000, 00000000, 00000000, 00000000, 00000000, 00000000, 00000000, 00000000, 00000000, 00000000, 00000000, 00000000, 00000000, 00000000, 00000000, 00000000, 00000000, 00000000, 00000000, 00000000, 00000000, 00000000, 00000000, 00000000, 00000000, 00000000, 00000000, 00000000, 00000000, 00000000, 00000000, 00000000, 00000000, 00000000, 00000000, 00000000, 00000000, 00000000, 00000000, 00000000, 00000000, 00000000, 00000000, 00000000, 00000000, 00000000, 00000000, 00000000, 00000000, 00000000, 00000000, 00000000, 00000000, 00000000, 00000000, 00000000, 00000000, 00000000, 00000000, 00000000, 00000000, 00000000, 00000000, 00000000, 00000000, 00000000, 00000000, 00000000, 00000000, 00000000, 00000000, 00000000, 00000000, 00000000, 00000000, 00000000, 00000000, 00000000, 00000000, 00000000, 00000000, 00000000, 00000000, 00000000, 00000000, 00000000, 00000000, 00000000, 00000000, 00000000, 00000000, 00000000, 00000000, 00000000, 00000000, 00000000, 00000000, 00000000, 00000000, 00000000, 00000000, 00000000, 00000000, 00000000, 00000000, 00000000, 00000000, 00000000, 00000000, 00000000, 00000000, 00000000, 00000000, 00000000, 00000000, 00000000, 00000000, 00000000, 00000000, 00000000, 00000000, 00000000, 00000000, 00000000, 00000000, 00000000, 00000000, 00000000, 00000000, 00000000, 00000000, 00000000, 00000000, 00000000, 00000000, 00000000, 00000000, 00000000, 00000000, 00000000, 00000000, 00000000, 00000000, 00000000, 00000000, 00000000, 00000000, 00000000, 00000000, 00000000, 00000000, 00000000, 00000000, 00000000, 00000000, 00000000, 00000000, 00000000, 00000000, 00000000, 00000000, 00000000, 00000000, 00000000, 00000000, 00000000, 00000000, 00000000, 00000000, 00000000, 00000000, 00000000, 00000000, 00000000, 00000000, 00000000, 00000000, 00000000, 00000000, 00000000, 00000000, 00000000, 00000000, 00000000, 00000000, 00000000, 00000000, 00000000, 00000000, 00000000, 00000000, 00000000, 00000000, 00000000, 00000000, 00000000, 00000000, 00000000, 00000000, 00000000, 00000000, 00000000, 00000000, 00000000, 00000000, 00000000, 00000000, 00000000, 00000000, 00000000, 00000000, 00000000, 00000000, 00000000, 00000000, 00000000, 00000000, 00000000, 00000000, 00000000, 00000000, 00000000, 00000000, 00000000, 00000000, 00000000, 00000000, 00000000, 00000000, 00000000, 00000000, 00000000, 00000000, 00000000, 00000000, 00000000, 00000000, 00000000, 00000000, 00000000, 00000000, 00000000, 00000000, 00000000, 00000000, 00000000, 00000000, 00000000, 00000000, 00000000, 00000000, 00000000, 00000000, 00000000, 00000000, 00000000, 00000000, 00000000, 00000000, 00000000, 00000000, 00000000, 00000000, 00000000, 00000000, 00000000, 00000000, 00000000, 00000000, 00000000, 00000000, 00000000, 00000000, 00000000, 00000000, 00000000, 00000000, 00000000, 00000000, 00000000, 00000000, 00000000, 00000000, 00000000, 00000000, 00000000, 00000000, 00000000, 00000000, 00000000, 00000000, 00000000, 00000000, 00000000, 00000000, 00000000, 00000000, 00000000, 00000000, 00000000, 00000000, 00000000, 00000000, 00000000, 00000000, 00000000, 00000000, 00000000, 00000000, 00000000, 00000000, 00000000, 00000000, 00000000, 00000000, 00000000, 00000000, 00000000, 00000000, 00000000, 00000000, 00000000, 00000000, 00000000, 00000000, 00000000, 00000000, 00000000, 00000000, 00000000, 00000000, 00000000, 00000000, 00000000, 00000000, 00000000, 00000000, 00000000, 00000000, 00000000, 00000000, 00000000, 00000000, 00000000, 00000000, 00000000, 00000000, 00000000, 00000000, 00000000, 00000000, 00000000, 00000000, 00000000, 00000000, 00000000, 00000000, 00000000, 00000000, 00000000, 00000000, 00000000, 00000000, 00000000, 00000000, 00000000, 00000000, 00000000, 00000000, 00000000, 00000000, 00000000, 00000000, 00000000, 00000000, 00000000, 00000000, 00000000, 00000000, 00000000, 00000000, 00000000, 00000000, 00000000, 00000000, 00000000, 00000000, 00000000, 00000000, 00000000, 00000000, 00000000, 00000000, 00000000, 00000000, 00000000, 00000000, 00000000, 00000000, 00000000, 00000000, 00000000, 00000000, 00000000, 00000000, 00000000, 00000000, 00000000, 00000000, 00000000, 00000000, 00000000, 00000000, 00000000, 00000000, 00000000, 00000000, 00000000, 00000000, 00000000, 00000000, 00000000, 00000000, 00000000, 00000000, 00000000, 00000000, 00000000, 00000000, 00000000, 00000000, 00000000, 00000000, 00000000, 00000000, 00000000, 00000000, 00000000, 00000000, 00000000, 00000000, 00000000, 00000000, 00000000, 00000000, 00000000, 00000000, 00000000, 00000000, 00000000, 00000000, 00000000, 00000000, 00000000, 00000000, 00000000, 00000000, 00000000, 00000000, 00000000, 00000000, 00000000, 00000000, 00000000, 00000000, 00000000, 00000000, 00000000, 00000000, 00000000, 00000000, 00000000, 00000000, 00000000, 00000000, 00000000, 00000000, 00000000, 00000000, 00000000, 00000000, 00000000, 00000000, 00000000, 00000000, 00000000, 00000000, 00000000, 00000000, 00000000, 00000000, 00000000, 00000000, 00000000, 00000000, 00000000, 00000000, 00000000, 00000000, 00000000, 00000000, 00000000, 00000000, 00000000, 00000000, 00000000, 00000000, 00000000, 00000000, 00000000, 00000000, 00000000, 00000000, 00000000, 00000000, 00000000, 00000000, 00000000, 00000000, 00000000, 00000000, 00000000, 00000000, 00000000, 00000000, 00000000, 00000000, 00000000, 00000000, 00000000, 00000000, 00000000, 00000000, 00000000, 00000000, 00000000, 00000000, 00000000, 00000000, 00000000, 00000000, 00000000, 00000000, 00000000, 00000000, 00000000, 00000000, 00000000, 00000000, 00000000, 00000000, 00000000, 00000000, 00000000, 00000000, 00000000, 00000000, 00000000, 00000000, 00000000, 00000000, 00000000, 00000000, 00000000, 00000000, 00000000, 00000000, 00000000, 00000000, 00000000, 00000000, 00000000, 00000000, 00000000, 00000000, 00000000, 00000000, 00000000, 00000000, 00000000, 00000000, 00000000, 00000000, 00000000, 00000000, 00000000, 00000000, 00000000, 00000000, 00000000, 00000000, 00000000, 00000000, 00000000, 00000000, 00000000, 00000000, 00000000, 00000000, 00000000, 00000000, 00000000, 00000000, 00000000, 00000000, 00000000, 00000000, 00000000, 00000000, 00000000, 00000000, 00000000, 00000000, 00000000, 00000000, 00000000, 00000000, 00000000, 00000000, 00000000, 00000000, 00000000, 00000000, 00000000, 00000000, 00000000, 00000000, 00000000, 00000000, 00000000, 00000000, 00000000, 00000000, 00000000, 00000000, 00000000, 00000000, 00000000, 00000000, 00000000, 00000000, 00000000, 00000000, 00000000, 00000000, 00000000, 00000000, 00000000, 00000000, 00000000, 00000000, 00000000, 00000000, 00000000, 00000000, 00000000, 00000000, 00000000, 00000000, 00000000, 00000000, 00000000, 00000000, 00000000, 00000000, 00000000, 00000000, 00000000, 00000000, 00000000, 00000000, 00000000, 00000000, 00000000, 00000000, 00000000, 00000000, 00000000, 00000000, 00000000, 00000000, 00000000, 00000000, 00000000, 00000000, 00000000, 00000000, 00000000, 00000000, 00000000, 00000000, 00000000, 00000000, 00000000, 00000000, 00000000, 00000000, 00000000, 00000000, 00000000, 00000000, 00000000, 00000000, 00000000, 00000000, 00000000, 00000000, 00000000, 00000000, 00000000, 00000000, 00000000, 00000000, 00000000, 00000000, 00000000, 00000000, 00000000, 00000000, 00000000, 00000000, 00000000, 00000000, 00000000, 00000000, 00000000, 00000000, 00000000, 00000000, 00000000, 00000000, 00000000, 00000000, 00000000, 00000000, 00000000, 00000000, 00000000, 00000000, 00000000, 00000000, 00000000, 00000000, 00000000, 00000000, 00000000, 00000000, 00000000, 00000000, 00000000, 00000000, 00000000, 00000000, 00000000, 00000000, 00000000, 00000000, 00000000, 00000000, 00000000, 00000000, 00000000, 00000000, 00000000, 00000000, 00000000, 00000000, 00000000, 00000000, 00000000, 00000000, 00000000, 00000000, 00000000, 00000000, 00000000, 00000000, 00000000, 00000000, 00000000, 00000000, 00000000, 00000000, 00000000, 00000000, 00000000, 00000000, 00000000, 00000000, 00000000, 00000000, 00000000, 00000000, 00000000, 00000000, 00000000, 00000000, 00000000, 00000000, 00000000, 00000000, 00000000, 00000000, 00000000, 00000000, 00000000, 00000000, 00000000, 00000000, 00000000, 00000000, 00000000, 00000000, 00000000, 00000000, 00000000, 00000000, 00000000, 00000000, 00000000, 00000000, 00000000, 00000000, 00000000, 00000000, 00000000, 00000000, 00000000, 00000000, 00000000, 00000000, 00000000, 00000000, 00000000, 00000000, 00000000, 00000000, 00000000, 00000000, 00000000, 00000000, 00000000, 00000000, 00000000, 00000000, 00000000, 00000000, 00000000, 00000000, 00000000, 00000000, 00000000, 00000000, 00000000, 00000000, 00000000, 00000000, 00000000, 00000000, 00000000, 00000000, 00000000, 00000000, 00000000, 00000000, 00000000, 00000000, 00000000, 00000000, 00000000, 00000000, 00000000, 00000000, 00000000, 00000000, 00000000, 00000000, 00000000, 00000000, 00000000, 00000000, 00000000, 00000000, 00000000, 00000000, 00000000, 00000000, 00000000, 00000000, 00000000, 00000000, 00000000, 00000000, 00000000, 00000000, 00000000, 00000000, 00000000, 00000000, 00000000, 00000000, 00000000, 00000000, 00000000, 00000000, 00000000, 00000000, 00000000, 00000000, 00000000, 00000000, 00000000, 00000000, 00000000, 00000000, 00000000, 00000000, 00000000, 00000000, 00000000, 00000000, 00000000, 00000000, 00000000, 00000000, 00000000, 00000000, 00000000, 00000000, 00000000, 00000000, 00000000, 00000000, 00000000, 00000000, 00000000, 00000000, 00000000, 00000000, 00000000, 00000000, 00000000, 00000000, 00000000, 00000000, 00000000, 00000000, 00000000, 00000000, 00000000, 00000000, 00000000, 00000000, 00000000, 00000000, 00000000, 00000000, 00000000, 00000000, 00000000, 00000000, 00000000, 00000000, 00000000, 00000000, 00000000, 00000000, 00000000, 00000000, 00000000, 00000000, 00000000, 00000000, 00000000, 00000000, 00000000, 00000000, 00000000, 00000000, 00000000, 00000000, 00000000, 00000000, 00000000, 00000000, 00000000, 00000000, 00000000, 00000000, 00000000, 00000000, 00000000, 00000000, 00000000, 00000000, 00000000, 00000000, 00000000, 00000000, 00000000, 00000000, 00000000, 00000000, 00000000, 00000000, 00000000, 00000000, 00000000, 00000000, 00000000, 00000000, 00000000, 00000000, 00000000, 00000000, 00000000, 00000000, 00000000, 00000000, 00000000, 00000000, 00000000, 00000000, 00000000, 00000000, 00000000, 00000000, 00000000, 00000000, 00000000, 00000000, 00000000, 00000000, 00000000, 00000000, 00000000, 00000000, 00000000, 00000000, 00000000, 00000000, 00000000, 00000000, 00000000, 00000000, 00000000, 00000000, 00000000, 00000000, 00000000, 00000000, 00000000, 00000000, 00000000, 00000000, 00000000, 00000000, 00000000, 00000000, 00000000, 00000000, 00000000, 00000000, 00000000, 00000000, 00000000, 00000000, 00000000, 00000000, 00000000, 00000000, 00000000, 00000000, 00000000, 00000000, 00000000, 00000000, 00000000, 00000000, 00000000, 00000000, 00000000, 00000000, 00000000, 00000000, 00000000, 00000000, 00000000, 00000000, 00000000, 00000000, 00000000, 00000000, 00000000, 00000000, 00000000, 00000000, 00000000, 00000000, 00000000, 00000000, 00000000, 00000000, 00000000, 00000000, 00000000, 00000000, 00000000, 00000000, 00000000, 00000000, 00000000, 00000000, 00000000, 00000000, 00000000, 00000000, 00000000, 00000000, 00000000, 00000000, 00000000, 00000000, 00000000, 00000000, 00000000, 00000000, 00000000, 00000000, 00000000, 00000000, 00000000, 00000000, 00000000, 00000000, 00000000, 00000000, 00000000, 00000000, 00000000, 00000000, 00000000, 00000000, 00000000, 00000000, 00000000, 00000000, 00000000, 00000000, 00000000, 00000000, 00000000, 00000000, 00000000, 00000000, 00000000, 00000000, 00000000, 00000000, 00000000, 00000000, 00000000, 00000000, 00000000, 00000000, 00000000, 00000000, 00000000, 00000000, 00000000, 00000000, 00000000, 00000000, 00000000, 00000000, 00000000, 00000000, 00000000, 00000000, 00000000, 00000000, 00000000, 00000000, 00000000, 00000000, 00000000, 00000000, 00000000, 00000000, 00000000, 00000000, 00000000, 00000000, 00000000, 00000000, 00000000, 00000000, 00000000, 00000000, 00000000, 00000000, 00000000, 00000000, 00000000, 00000000, 00000000, 00000000, 00000000, 00000000, 00000000, 00000000, 00000000, 00000000, 00000000, 00000000, 00000000, 00000000, 00000000, 00000000, 00000000, 00000000, 00000000, 00000000, 00000000, 00000000, 00000000, 00000000, 00000000, 00000000, 00000000, 00000000, 00000000, 00000000, 00000000, 00000000, 00000000, 00000000, 00000000, 00000000, 00000000, 00000000, 00000000, 00000000, 00000000, 00000000, 00000000, 00000000, 00000000, 00000000, 00000000, 00000000, 00000000, 00000000, 00000000, 00000000, 00000000, 00000000, 00000000, 00000000, 00000000, 00000000, 00000000, 00000000, 00000000, 00000000, 00000000, 00000000, 00000000, 00000000, 00000000, 00000000, 00000000, 00000000, 00000000, 00000000, 00000000, 00000000, 00000000, 00000000, 00000000, 00000000, 00000000, 00000000, 00000000, 00000000, 00000000, 00000000, 00000000, 00000000, 00000000, 00000000, 00000000, 00000000, 00000000, 00000000, 00000000, 00000000, 00000000, 00000000, 00000000, 00000000, 00000000, 00000000, 00000000, 00000000, 00000000, 00000000, 00000000, 00000000, 00000000, 00000000, 00000000, 00000000, 00000000, 00000000, 00000000, 00000000, 00000000, 00000000, 00000000, 00000000, 00000000, 00000000, 00000000, 00000000, 00000000, 00000000, 00000000, 00000000, 00000000, 00000000, 00000000, 00000000, 00000000, 00000000, 00000000, 00000000, 00000000, 00000000, 00000000, 00000000, 00000000, 00000000, 00000000, 00000000, 00000000, 00000000, 00000000, 00000000, 00000000, 00000000, 00000000, 00000000, 00000000, 00000000, 00000000, 00000000, 00000000, 00000000, 00000000, 00000000, 00000000, 00000000, 00000000, 00000000, 00000000, 00000000, 00000000, 00000000, 00000000, 00000000, 00000000, 00000000, 00000000, 00000000, 00000000, 00000000, 00000000, 00000000, 00000000, 00000000, 00000000, 00000000, 00000000, 00000000, 00000000, 00000000, 00000000, 00000000, 00000000, 00000000, 00000000, 00000000, 00000000, 00000000, 00000000, 00000000, 00000000, 00000000, 00000000, 00000000, 00000000, 00000000, 00000000, 00000000, 00000000, 00000000, 00000000, 00000000, 00000000, 00000000, 00000000, 00000000, 00000000, 00000000, 00000000, 00000000, 00000000, 00000000, 00000000, 00000000, 00000000, 00000000, 00000000, 00000000, 00000000, 00000000, 00000000, 00000000, 00000000, 00000000, 00000000, 00000000, 00000000, 00000000, 00000000, 00000000, 00000000, 00000000, 00000000, 00000000, 00000000, 00000000, 00000000, 00000000, 00000000, 00000000, 00000000, 00000000, 00000000, 00000000, 00000000, 00000000, 00000000, 00000000, 00000000, 00000000, 00000000, 00000000, 00000000, 00000000, 00000000, 00000000, 00000000, 00000000, 00000000, 00000000, 00000000, 00000000, 00000000, 00000000, 00000000, 00000000, 00000000, 00000000, 00000000, 00000000, 00000000, 00000000, 00000000, 00000000, 00000000, 00000000, 00000000, 00000000, 00000000, 00000000, 00000000, 00000000, 00000000, 00000000, 00000000, 00000000, 00000000, 00000000, 00000000, 00000000, 00000000, 00000000, 00000000, 00000000, 00000000, 00000000, 00000000, 00000000, 00000000, 00000000, 00000000, 00000000, 00000000, 00000000, 00000000, 00000000, 00000000, 00000000, 00000000, 00000000, 00000000, 00000000, 00000000, 00000000, 00000000, 00000000, 00000000, 00000000, 00000000, 00000000, 00000000, 00000000, 00000000, 00000000, 00000000, 00000000, 00000000, 00000000, 00000000, 00000000, 00000000, 00000000, 00000000, 00000000, 00000000, 00000000, 00000000, 00000000, 00000000, 00000000, 00000000, 00000000, 00000000, 00000000, 00000000, 00000000, 00000000, 00000000, 00000000, 00000000, 00000000, 00000000, 00000000, 00000000, 00000000, 00000000, 00000000, 00000000, 00000000, 00000000, 00000000, 00000000, 00000000, 00000000, 00000000, 00000000, 00000000, 00000000, 00000000, 00000000, 00000000, 00000000, 00000000, 00000000, 00000000, 00000000, 00000000, 00000000, 00000000, 00000000, 00000000, 00000000, 00000000, 00000000, 00000000, 00000000, 00000000, 00000000, 00000000, 00000000, 00000000, 00000000, 00000000, 00000000, 00000000, 00000000, 00000000, 00000000, 00000000, 00000000, 00000000, 00000000, 00000000, 00000000, 00000000, 00000000, 00000000, 00000000, 00000000, 00000000, 00000000, 00000000, 00000000, 00000000, 00000000, 00000000, 00000000, 00000000, 00000000, 00000000, 00000000, 00000000, 00000000, 00000000, 00000000, 00000000, 00000000, 00000000, 00000000, 00000000, 00000000, 00000000, 00000000, 00000000, 00000000, 00000000, 00000000, 00000000, 00000000, 00000000, 00000000, 00000000, 00000000, 00000000, 00000000, 00000000, 00000000, 00000000, 00000000, 00000000, 00000000, 00000000, 00000000, 00000000, 00000000, 00000000, 00000000, 00000000, 00000000, 00000000, 00000000, 00000000, 00000000, 00000000, 00000000, 00000000, 00000000, 00000000, 00000000, 00000000, 00000000, 00000000, 00000000, 00000000, 00000000, 00000000, 00000000, 00000000, 00000000, 00000000, 00000000, 00000000, 00000000, 00000000, 00000000, 00000000, 00000000, 00000000, 00000000, 00000000, 00000000, 00000000, 00000000, 00000000, 00000000, 00000000, 00000000, 00000000, 00000000, 00000000, 00000000, 00000000, 00000000, 00000000, 00000000, 00000000, 00000000, 00000000, 00000000, 00000000, 00000000, 00000000, 00000000, 00000000, 00000000, 00000000, 00000000, 00000000, 00000000, 00000000, 00000000, 00000000, 00000000, 00000000, 00000000, 00000000, 00000000, 00000000, 00000000, 00000000, 00000000, 00000000, 00000000, 00000000, 00000000, 00000000, 00000000, 00000000, 00000000, 00000000, 00000000, 00000000, 00000000, 00000000, 00000000, 00000000, 00000000, 00000000, 00000000, 00000000, 00000000, 00000000, 00000000, 00000000, 00000000, 00000000, 00000000, 00000000, 00000000, 00000000, 00000000, 00000000, 00000000, 00000000, 00000000, 00000000, 00000000, 00000000, 00000000, 00000000, 00000000, 00000000, 00000000, 00000000, 00000000, 00000000, 00000000, 00000000, 00000000, 00000000, 00000000, 00000000, 00000000, 00000000, 00000000, 00000000, 00000000, 00000000, 00000000, 00000000, 00000000, 00000000, 00000000, 00000000, 00000000, 00000000, 00000000, 00000000, 00000000, 00000000, 00000000, 00000000, 00000000, 00000000, 00000000, 00000000, 00000000, 00000000, 00000000, 00000000, 00000000, 00000000, 00000000, 00000000, 00000000, 00000000, 00000000, 00000000, 00000000, 00000000, 00000000, 00000000, 00000000, 00000000, 00000000, 00000000, 00000000, 00000000, 00000000, 00000000, 00000000, 00000000, 00000000, 00000000, 00000000, 00000000, 00000000, 00000000, 00000000, 00000000, 00000000, 00000000, 00000000, 00000000, 00000000, 00000000, 00000000, 00000000, 00000000, 00000000, 00000000, 00000000, 00000000, 00000000, 00000000, 00000000, 00000000, 00000000, 00000000, 00000000, 00000000, 00000000, 00000000, 00000000, 00000000, 00000000, 00000000, 00000000, 00000000, 00000000, 00000000, 00000000, 00000000, 00000000, 00000000, 00000000, 00000000, 00000000, 00000000, 00000000, 00000000, 00000000, 00000000, 00000000, 00000000, 00000000, 00000000, 00000000, 00000000, 00000000, 00000000, 00000000, 00000000, 00000000, 00000000, 00000000, 00000000, 00000000, 00000000, 00000000, 00000000, 00000000, 00000000, 00000000, 00000000, 00000000, 00000000, 00000000, 00000000, 00000000, 00000000, 00000000, 00000000, 00000000, 00000000, 00000000, 00000000, 00000000, 00000000, 00000000, 00000000, 00000000, 00000000, 00000000, 00000000, 00000000, 00000000, 00000000, 00000000, 00000000, 00000000, 00000000, 00000000, 00000000, 00000000, 00000000, 00000000, 00000000, 00000000, 00000000, 00000000, 00000000, 00000000, 00000000, 00000000, 00000000, 00000000, 00000000, 00000000, 00000000, 00000000, 00000000, 00000000, 00000000, 00000000, 00000000, 00000000, 00000000, 00000000, 00000000, 00000000, 00000000, 00000000, 00000000, 00000000, 00000000, 00000000, 00000000, 00000000, 00000000, 00000000, 00000000, 00000000, 00000000, 00000000, 00000000, 00000000, 00000000, 00000000, 00000000, 00000000, 00000000, 00000000, 00000000, 00000000, 00000000, 00000000, 00000000, 00000000, 00000000, 00000000, 00000000, 00000000, 00000000, 00000000, 00000000, 00000000, 00000000, 00000000, 00000000, 00000000, 00000000, 00000000, 00000000, 00000000, 00000000, 00000000, 00000000, 00000000, 00000000, 00000000, 00000000, 00000000, 00000000, 00000000, 00000000, 00000000, 00000000, 00000000, 00000000, 00000000, 00000000, 00000000, 00000000, 00000000, 00000000, 00000000, 00000000, 00000000, 00000000, 00000000, 00000000, 00000000, 00000000, 00000000, 00000000, 00000000, 00000000, 00000000, 00000000, 00000000, 00000000, 00000000, 00000000, 00000000, 00000000, 00000000, 00000000, 00000000, 00000000, 00000000, 00000000, 00000000, 00000000, 00000000, 00000000, 00000000, 00000000, 00000000, 00000000, 00000000, 00000000, 00000000, 00000000, 00000000, 00000000, 00000000, 00000000, 00000000, 00000000, 00000000, 00000000, 00000000, 00000000, 00000000, 00000000, 00000000, 00000000, 00000000, 00000000, 00000000, 00000000, 00000000, 00000000, 00000000, 00000000, 00000000, 00000000, 00000000, 00000000, 00000000, 00000000, 00000000, 00000000, 00000000, 00000000, 00000000, 00000000, 00000000, 00000000, 00000000, 00000000, 00000000, 00000000, 00000000, 00000000, 00000000, 00000000, 00000000, 00000000, 00000000, 00000000, 00000000, 00000000, 00000000, 00000000, 00000000, 00000000, 00000000, 00000000, 00000000, 00000000, 00000000, 00000000, 00000000, 00000000, 00000000, 00000000, 00000000, 00000000, 00000000, 00000000, 00000000, 00000000, 00000000, 00000000, 00000000, 00000000, 00000000, 00000000, 00000000, 00000000, 00000000, 00000000, 00000000, 00000000, 00000000, 00000000, 00000000, 00000000, 00000000, 00000000, 00000000, 00000000, 00000000, 00000000, 00000000, 00000000, 00000000, 00000000, 00000000, 00000000, 00000000, 00000000, 00000000, 00000000, 00000000, 00000000, 00000000, 00000000, 00000000, 00000000, 00000000, 00000000, 00000000, 00000000, 00000000, 00000000, 00000000, 00000000, 00000000, 00000000, 00000000, 00000000, 00000000, 00000000, 00000000, 00000000, 00000000, 00000000, 00000000, 00000000, 00000000, 00000000, 00000000, 00000000, 00000000, 00000000, 00000000, 00000000, 00000000, 00000000, 00000000, 00000000, 00000000, 00000000, 00000000, 00000000, 00000000, 00000000, 00000000, 00000000, 00000000, 00000000, 00000000, 00000000, 00000000, 00000000, 00000000, 00000000, 00000000, 00000000, 00000000, 00000000, 00000000, 00000000, 00000000, 00000000, 00000000, 00000000, 00000000, 00000000, 00000000, 00000000, 00000000, 00000000, 00000000, 00000000, 00000000, 00000000, 00000000, 00000000, 00000000, 00000000, 00000000, 00000000, 00000000, 00000000, 00000000, 00000000, 00000000, 00000000, 00000000, 00000000, 00000000, 00000000, 00000000, 00000000, 00000000, 00000000, 00000000, 00000000, 00000000, 00000000, 00000000, 00000000, 00000000, 00000000, 00000000, 00000000, 00000000, 00000000, 00000000, 00000000, 00000000, 00000000, 00000000, 00000000, 00000000, 00000000, 00000000, 00000000, 00000000, 00000000, 00000000, 00000000, 00000000, 00000000, 00000000, 00000000, 00000000, 00000000, 00000000, 00000000, 00000000 })

State 25 file ./s2n/crypto/s2n_rsa.c line 182 function s2n_rsa_decrypt thread 0
----------------------------------------------------
  key=((struct s2n_rsa_private_key { struct rsa_st *rsa; } *)NULL) (0000000000000000000000000000000000000000000000000000000000000000)

State 41 file ./s2n/crypto/s2n_rsa.c line 190 function s2n_rsa_decrypt thread 0
----------------------------------------------------
  r=0 (00000000000000000000000000000000)

Violated property:
  file ./s2n/crypto/s2n_rsa.c line 190 function s2n_rsa_decrypt
  arithmetic overflow on unsigned to signed type conversion in (signed int)in->size
  !(in->size >= 2147483648u)

VERIFICATION FAILED
